000000000010100000000
000000000010000000000
000000000001100000000
000000000001000000000
000000000000100000000
000000000000000000000
110000010100000000101
110000010000000000100
110000001100000000011
110000001000000000010
110000000100000000001
110000000000000000000
000000000011100000000
110000011100000010000
000100000000000000001
001000000000000001010
001100000000000011101
001000000100000000110
001100000000000100000
001000001000000001010
001100000000000100011
001000001100000000110
001100000000000100110
001000010000000001010
001100000000000101001
011000010011000000100
011000010111100000010
111011011100000000000
001100000000000000000
000000000000000000000
000100000100000000001
010000000000000010001
000000000000100000000
000100001000000000001
010000000000000010011
000000000001000000000
000100001100000000001
010000000000000010101
000000000001100000000
000100010000000000001
010000000000000010111
000000000010000000000
000100010100000000001
010000000000000010001
010100000011000000110
001000011000000000100
001100000000000001110
010100000011000000111
001000011000000001000
001100000000000100001
010100000011000001000
001000011000000010000
001100000000000100111
010100000011000001001
001000011000000000010
001100000000000000000
010100000011000000110
001000011000000000001
001100000000000001110
010000000000000101100
